   2.0000000e+00  -1.1998771e+00   2.1336289e-01  -1.2073667e-01  -7.1177227e-01   2.3261456e+00   1.0449839e+00  -6.4320892e-01  -2.1002615e-01  -1.6275387e+00   1.4273850e-01
   2.0000000e+00  -2.5577627e-01  -4.1465778e-01   1.1440896e+00   1.6110165e+00   1.5582305e+00   1.1181441e+00   1.6171881e-01   9.6867907e-01  -7.9296391e-01  -3.1827954e-01
   2.0000000e+00   9.5635366e-01  -4.1176319e-01   1.0579434e+00  -3.8266688e-01   1.3812799e+00   1.3930977e-01   4.8328703e-02   9.9604125e-02   4.3963663e-01   7.0965071e-01
   2.0000000e+00  -9.4022565e-01   2.0261893e+00   5.3754164e-01  -2.9645738e-01  -4.7656945e-01   5.9879918e-01  -2.3602009e-01   3.8908747e-01   4.7333279e-01  -3.0088092e-01
   2.0000000e+00   1.8013406e+00  -2.1860898e+00   1.6651210e+00  -3.6286325e-01  -2.9333001e-01  -1.3282069e-01   1.4500443e+00  -1.7176540e+00   9.7363784e-01   1.4812456e+00
   2.0000000e+00  -1.2660421e+00  -1.2801197e+00  -4.8977255e-01   4.9969277e-02  -1.0239964e-01  -3.4102085e-01   4.3779426e-01  -4.0580286e-01   1.6226159e+00   5.8146175e-01
   1.0000000e+00   2.3852438e-01  -8.4201668e-01  -5.1360661e-01   3.6230672e-01  -1.5471590e+00   5.9025464e-01  -1.3938924e+00   9.0850972e-01  -2.6869277e-01   2.3091704e-01
   2.0000000e+00  -1.0043724e+00   1.0608648e+00  -2.3782501e-01  -3.5148441e-01  -5.2417047e-01   1.3306486e-01   4.9322282e-01  -2.2030101e-01   1.4336643e+00  -4.0270337e-01
   2.0000000e+00  -2.1346478e-01   3.7555599e-01   6.7454473e-01  -1.4875009e+00  -2.2258517e-01   1.0547817e-01  -6.0045286e-01  -7.2398097e-01  -5.2142894e-01   1.0815500e+00
   2.0000000e+00   1.0674262e+00   2.5676784e-01  -1.2918611e+00  -8.6549971e-01   2.5222360e-01   8.5575230e-01   4.9048636e-01  -4.0037425e-01   1.1352083e+00   2.1525160e+00
   2.0000000e+00  -1.8140863e-02  -1.3574593e+00  -3.1804554e-01   2.2179227e+00   3.0368627e-01   7.1825027e-02   2.1825743e+00  -2.3455873e-01  -8.0885160e-01  -4.1761258e-01
   2.0000000e+00   1.7652271e+00  -1.6173562e+00  -4.6991243e-01  -1.8018345e+00  -3.0566602e-01   1.7494934e+00  -4.1566665e-01   2.6770021e-02  -1.5192684e+00   3.9827676e-01
   2.0000000e+00   2.5838120e-01   1.0750273e+00   1.0786879e+00  -1.3949906e-01  -1.3991002e+00  -1.3088432e-01  -1.9071915e-01  -8.6027486e-01  -1.8334654e-01  -9.6849220e-01
   2.0000000e+00   2.0393081e+00  -1.1096169e+00   5.4787992e-01  -1.5763915e+00  -1.5045855e+00  -1.0957744e+00  -8.8149361e-01   6.8911437e-01   1.5333444e+00  -2.0741098e+00
   2.0000000e+00  -1.3386820e+00  -5.1688131e-01  -1.9453138e-01   6.0841848e-01   1.1845982e+00  -1.7490773e-01  -3.6343403e-01   7.3333519e-01  -1.1674794e+00   1.8713870e+00
   2.0000000e+00   9.7173965e-01  -6.9586453e-01  -8.9610980e-01  -9.7675486e-01   6.1305125e-01  -2.5773705e-01   6.3952957e-01   2.9623735e-01  -1.4951457e-01   6.9291271e-02
   2.0000000e+00   1.2778783e+00  -1.2649112e+00  -1.7780144e+00  -1.8673646e+00  -1.0063085e+00  -1.2123299e+00   9.6691540e-01  -2.0357807e+00   1.9040335e+00   1.4950445e-01
   1.0000000e+00  -4.7703826e-01   1.8244701e-01   1.8473452e+00   1.0587387e-01  -5.5004806e-01  -1.3410911e+00   1.6500862e+00   7.5324657e-01   4.0642888e-01  -4.3293330e-01
   2.0000000e+00  -4.0369400e-02  -1.6247096e-01  -1.5268689e-01  -5.5305561e-01  -1.3334350e-01  -2.0475707e-02   9.4073635e-01   1.4742254e+00  -1.2401764e+00   1.1049278e-01
   2.0000000e+00   1.8114161e+00   8.2820235e-01  -6.1896650e-01   1.1694160e+00   1.5598162e+00  -1.5177674e-01   1.0635620e+00   1.0201978e+00  -6.2279192e-01   8.0071947e-01
   1.0000000e+00   7.9064292e-01   5.4268714e-01   6.8724224e-01   9.6255685e-02   1.6787564e+00  -8.5898819e-01  -2.1115019e-01   1.6916088e+00  -8.6776888e-01  -1.6966100e+00
   2.0000000e+00  -2.3447965e+00  -8.9529751e-01   8.0751548e-01   4.2259624e-01  -6.6948691e-01  -1.0478860e+00   1.7438877e+00  -5.6569066e-01   1.6173211e+00   1.2231907e+00
   2.0000000e+00  -1.4812341e-01  -8.4296040e-01   1.5205143e+00  -1.7282691e+00   1.8934527e-01   1.0348361e+00  -2.0731192e-01   1.5840527e+00   1.1345528e-01   2.3710303e+00
   2.0000000e+00   1.0395893e+00   5.6491486e-01  -5.5626406e-01   8.5240196e-01   1.6973524e+00  -1.3916782e+00  -4.5988142e-01  -5.1174691e-01  -1.4251906e+00   9.5259457e-01
   2.0000000e+00   1.9380385e+00   1.8718735e-01   1.0417784e+00   1.1319267e+00  -6.3539096e-01  -7.6769487e-01   1.0128941e+00  -5.3578358e-01  -2.6937485e-01   5.6507063e-01
   2.0000000e+00   1.1022589e+00   1.0772041e+00  -4.2016863e-01  -9.4966045e-01  -2.2906943e+00  -8.2617365e-01   3.7003863e-01  -1.6029290e+00  -9.4235516e-01   2.5017940e-01
   2.0000000e+00  -6.5371278e-02  -7.8177075e-01  -1.0850857e+00  -4.0660123e-01  -2.4421870e+00   3.8685444e-01  -5.1564508e-02   8.1062542e-02   7.1647169e-01  -7.2361970e-01
   1.0000000e+00  -7.0741433e-01  -1.2152649e+00  -2.2017553e+00   4.7301487e-01   1.6518450e-01   2.1530188e+00  -1.3757120e+00  -1.5261614e+00  -4.9554014e-01  -6.5968476e-01
   2.0000000e+00  -3.5019915e-01  -4.6972004e-01   7.9409436e-01  -1.1704590e-01   2.3176689e-01   8.9234468e-01  -4.1486569e-01  -2.1900096e+00   1.6604514e+00   1.5019332e-01
   2.0000000e+00  -1.7711816e+00   6.2625635e-01  -1.3716747e+00  -8.9282480e-01  -3.2426705e-03  -1.2172491e+00  -9.5960103e-01   1.0914519e+00  -1.2961711e+00   4.6380304e-01
   2.0000000e+00   4.6789723e-01  -6.5793084e-01  -1.2722245e+00  -4.9030518e-01  -1.5643372e-01  -3.8312397e-01   2.4613429e-01  -2.5128609e-02   5.1287086e-01   1.1268809e+00
   1.0000000e+00  -1.0667336e+00   2.3013972e+00   1.5051816e+00   6.4024146e-01  -1.1817131e+00  -7.9879739e-01  -1.5069441e+00   1.2386413e+00  -2.4741479e-01   4.1999377e-01
   2.0000000e+00   1.6029943e-01   8.9836419e-02  -6.8680967e-01   1.9127783e+00   1.3604564e-01  -1.2231376e+00   1.4567401e+00  -1.0801524e+00   1.0144898e+00   5.9264450e-01
   2.0000000e+00  -1.5068578e-01  -8.5680457e-01  -2.0340433e-01  -1.0664843e+00  -6.4275711e-01   6.3028277e-01  -1.2782171e+00   1.2073469e+00  -4.9246116e-01  -9.5175521e-01
   1.0000000e+00  -1.1684595e+00   1.3812737e+00  -6.2267290e-01   3.5016901e-01   1.9119573e-01  -1.3021811e+00   1.3885012e+00   4.8567173e-01   5.7864082e-02   3.4046679e-01
   2.0000000e+00   5.8818297e-01  -7.1091014e-01   6.1396302e-01   8.3002779e-01  -1.3449091e+00   2.5179690e-01   1.6903788e+00  -4.2744503e-01  -6.4641880e-01   6.6177658e-01
   2.0000000e+00   7.1243317e-01   6.5149781e-02  -2.5242947e-03  -6.4277972e-01  -1.0574607e+00   1.0564865e-01  -9.3732799e-01   2.2612371e-01  -6.2983183e-01   5.1292158e-01
   2.0000000e+00   3.4917587e-02  -6.8835707e-01  -4.9949754e-01   5.2452413e-01  -1.4832134e+00  -3.3962730e-02   6.5701039e-01   3.7857026e-02  -1.1980113e+00  -1.3222360e+00
   2.0000000e+00  -7.1951933e-01   3.0162087e-01   3.9059166e-01   3.3573273e-01  -1.3230500e+00   1.1058287e+00  -1.4847460e-01   1.9331118e-01  -1.5787346e+00  -1.1788374e+00
   2.0000000e+00  -7.8821498e-01   1.1189888e+00   1.1857199e+00  -4.7376263e-01   7.3940173e-01   8.5088430e-01   2.4093152e-01  -7.5497746e-01  -8.4756890e-01  -1.3284261e+00
   2.0000000e+00  -1.4071399e+00   2.9084487e-01  -6.6378785e-01   2.5811449e-01   9.4923508e-01   6.4056116e-01  -4.5702646e-01  -7.1584767e-01  -2.0631789e+00   1.6836080e-02
   1.0000000e+00  -6.4330865e-01   2.0828020e+00   1.9383874e-01   4.4926840e-01   1.6802785e+00  -4.6090123e-01   4.5725315e-01   1.7409660e+00   2.8849069e-01   1.0333004e+00
   2.0000000e+00   1.0095701e+00   2.2259053e+00   5.4193227e-01   4.6142973e-01  -6.9150942e-01   1.1869197e+00  -1.1143753e+00  -1.2715196e+00  -9.4259028e-01  -4.5838518e-01
   2.0000000e+00   8.0883005e-01  -5.6520298e-01  -4.2173801e-01   9.3003263e-01  -3.2727047e-01   7.3497024e-01   2.0638634e-01  -7.2688179e-01   1.0089788e+00  -6.4952461e-01
   2.0000000e+00   1.5023753e-01  -1.8129057e-01   5.5156202e-01  -7.6695078e-01  -1.0504196e-01  -1.0265268e-01   2.4391334e+00  -1.4397146e+00   2.4018040e-01   1.6807606e+00
   2.0000000e+00  -1.1643279e-02  -8.0515337e-01  -9.5024984e-01  -2.9264869e-01   1.1402022e+00  -6.2977316e-01   1.9287356e+00  -3.7350925e-01   1.8687542e+00  -2.2957013e-01
   2.0000000e+00   1.3424437e+00   3.8380941e-01  -8.7645820e-01  -1.4407589e-01   3.1311259e-01  -1.3405021e+00  -7.5632552e-02  -2.0322305e+00  -1.1485526e+00   1.4896286e+00
   2.0000000e+00  -8.1083548e-01   1.3114628e+00  -3.2900125e-01  -1.4728321e+00   2.8741680e-01  -4.9546341e-02  -3.0594288e-04   3.4583001e-01   9.6622332e-01  -4.8573149e-01
   1.0000000e+00   1.9998348e+00   1.3526785e-01  -6.5095259e-01   7.7501863e-01   3.2743253e-01   9.9862197e-01   5.9248410e-01  -2.6829984e-01   3.4746527e-01  -6.2608374e-01
   2.0000000e+00   1.0121585e+00   1.5473449e-01  -2.8945053e-01  -1.5926301e-01  -6.9794543e-01   6.9283106e-01  -2.0746204e+00   2.6827961e-01  -1.4119154e+00   3.8935211e-01
   2.0000000e+00   6.2365519e-01  -1.0571282e+00  -9.6865168e-01   2.0934345e+00   1.4459171e-01   6.4332376e-01  -1.0356261e-01  -5.8498829e-02   2.9291819e+00   2.5470815e-02
   2.0000000e+00  -9.6118447e-01   6.7671146e-01  -1.2612227e+00   1.1137638e+00   1.2661652e+00   2.2537793e+00  -5.6979951e-01  -1.3786439e-01   6.9587230e-01   6.2397582e-01
   2.0000000e+00   2.0510278e-01   1.8781389e+00   2.2422765e+00  -1.4298993e+00  -7.4459275e-01  -2.4818114e-01  -2.2891054e-01   1.2263954e+00  -1.8190113e+00  -4.3419873e-01
   1.0000000e+00   9.3112315e-01   9.2932456e-01  -1.6334478e-01   8.7082004e-01   3.7654120e-01   1.4614245e+00   7.7764257e-01   1.4697364e+00  -1.2033407e-01   8.8012039e-01
   2.0000000e+00   1.3381370e+00  -7.1139351e-01  -7.2153105e-01  -1.4069739e+00   3.7831036e-01   1.1116705e+00   1.2542780e+00  -2.7997555e-01   7.4577424e-01   8.4183302e-01
   2.0000000e+00   1.0933174e+00   1.0611236e+00   8.7924989e-01  -4.6339605e-01   8.1160620e-01   9.1607187e-02  -5.2899732e-02   6.6055437e-01   1.8583504e+00  -8.9162559e-01
   2.0000000e+00  -8.3413018e-01  -5.1955045e-01  -5.2704043e-01  -2.8729199e-01   1.3970781e+00   9.1472371e-01   6.8332691e-01  -2.5404741e+00  -6.1601690e-01  -1.9465168e-01
   2.0000000e+00   2.4126205e-01  -1.3745644e+00   9.1323314e-01  -5.0992263e-01  -7.6861843e-01  -7.3859744e-01  -7.5545122e-01   1.5849948e+00  -4.8739985e-02  -1.0595960e-01
   2.0000000e+00   1.1916802e+00  -7.9139031e-01  -6.8331826e-01  -8.0837128e-01  -4.0035876e-01  -1.1487803e+00  -9.0883478e-01   7.6371114e-01   3.9414597e-01   6.0942915e-02
   2.0000000e+00  -3.2074347e-01   1.4157594e+00   8.3783579e-01   5.8054677e-02   6.0007748e-01   1.0654138e+00   2.5791659e-01   1.3302355e-01   1.3378125e+00   2.6340463e-01
   2.0000000e+00  -7.5662841e-01  -5.9980846e-01   8.3873051e-01  -5.7401814e-01   4.2660581e-01  -1.5332659e-01  -9.7640124e-02  -9.9933623e-01   9.3553575e-01   1.1649437e+00
   2.0000000e+00  -4.5867990e-01  -7.8744771e-01  -6.3291607e-02  -1.3911682e+00  -1.1316135e+00  -3.2771082e-01   1.4168709e-01   3.6204220e-01   1.0690957e+00   2.1761574e+00
   1.0000000e+00  -1.8695063e-01  -6.5327563e-01   1.6492502e+00   6.7469986e-01  -1.0787055e+00  -5.0907794e-02  -1.8801695e+00  -6.9643626e-01   2.7686088e-01  -5.6477229e-01
   2.0000000e+00   1.4051276e+00   1.5604450e+00   3.0397190e-01  -1.3005068e+00  -3.1945560e-01   1.9720658e-01  -9.6017141e-01  -3.2916137e-01  -4.5333364e-01   3.4780162e-01
   2.0000000e+00  -5.3613790e-01   7.3737561e-01  -1.9886202e-01  -2.5811670e-01  -1.9311078e-01   1.5814151e-01   4.2841810e-01   1.9409795e-01  -2.1296171e-01  -4.2719890e-01
   2.0000000e+00  -4.3723606e-01   3.2151921e-01  -3.8584206e-03   1.3507160e+00   3.3794415e-01  -4.6910599e-01  -3.6060296e-01   7.1782007e-01   1.4834947e+00  -3.2321022e-01
   2.0000000e+00  -1.3827640e+00   2.7887561e-01   9.0815657e-01   1.1247741e+00   1.4411097e-01   3.1143465e-01  -4.2235787e-01   5.4601644e-01  -8.0346333e-01  -8.7021327e-02
   2.0000000e+00  -9.1856619e-01  -3.9317129e-01   8.4182760e-01  -9.7165832e-01   3.1787358e-01   1.0152554e+00  -5.7794555e-01  -5.3151196e-01  -2.6883900e-01  -8.6945790e-01
   2.0000000e+00  -3.0896966e-02   2.2473991e+00   4.9017196e-01  -7.3763584e-01  -2.6672572e-01   1.2450465e+00  -1.7591109e+00  -2.1141774e-01   8.0652626e-01   1.1273394e+00
   2.0000000e+00   2.8169439e-01   5.6865993e-01   3.0116549e-01   1.6472811e+00   1.8377282e+00   9.1503302e-01  -2.4671582e-01  -2.0740130e-01  -5.3708676e-01  -2.5051726e+00
   2.0000000e+00   5.2865894e-01  -3.5544803e-01  -6.5051197e-02  -1.7908219e+00   1.3207797e+00  -1.4474149e+00  -1.3771275e+00  -9.1608853e-01   3.2298766e-01  -4.4834536e-01
   2.0000000e+00  -4.8392076e-01   5.5688440e-01   1.1802195e+00  -3.4287443e-01   4.3260046e-01   5.5434865e-01   3.8294704e-01  -1.0342185e-01  -5.3773217e-01   1.8044353e-01
   2.0000000e+00   1.5665132e+00   4.0581764e-01   1.7571157e-01   7.4384017e-01  -4.9656090e-01  -6.2434955e-01   5.1191599e-01   6.1726215e-01   1.0290499e+00   4.0280522e-01
   2.0000000e+00   4.5340037e-01   3.6448616e-02  -2.2514632e-01  -7.4847861e-01  -9.8200898e-01  -7.5434290e-01  -5.6749092e-01  -8.2371816e-02   3.9374955e-01   1.0079137e+00
   2.0000000e+00   4.4189754e-01   1.3685880e+00   3.2006183e-01  -1.3316154e+00   6.3138955e-01   4.0730090e-01  -5.2347433e-01  -8.5069132e-01  -6.7910678e-01  -4.4877310e-01
   2.0000000e+00   2.7865070e-01   4.6304866e-01  -1.6233648e+00   1.6042950e+00   7.1977016e-01  -1.4643637e+00  -6.3193631e-02   1.6500855e+00  -1.2750710e+00   4.1657230e-01
   2.0000000e+00  -2.2622434e-01   7.0206188e-01   1.0211623e+00  -1.0143273e+00   8.6946459e-02   1.5270845e+00   9.9208402e-01   1.8597170e-02   2.9719551e-01  -9.9417076e-02
   1.0000000e+00  -3.9457985e-01   1.5204838e+00  -9.5373362e-01   2.1221523e-01  -1.0983788e+00  -2.7372725e-02  -7.2485550e-01  -1.8847774e+00  -5.0913854e-01   7.0553353e-01
   2.0000000e+00   2.5431208e-01   5.9384137e-01   1.9317324e-02  -2.4806683e-01   8.7984458e-01  -2.1916930e-01  -7.0552539e-01   2.6072932e-01   2.1532600e+00  -1.0867622e+00
   1.0000000e+00   3.7064640e-01   1.3088139e+00  -1.0147750e+00   5.8621746e-01   4.6584238e-01  -1.3018378e+00  -4.3503560e-01   1.2066457e+00  -5.7031301e-01   8.6874157e-01
   2.0000000e+00   9.5556502e-01  -2.0742679e-01   8.6932784e-01   7.1437889e-01  -6.4461733e-01  -1.6636370e-03  -4.0654442e-01   1.0536101e+00  -1.0224811e+00  -6.6584309e-01
   2.0000000e+00   4.3747918e-01  -1.4527934e+00   1.2602066e+00  -9.7955520e-01   5.7547201e-01  -1.4636784e+00   6.7161704e-02  -1.4980060e+00  -2.8511098e-01   5.1209510e-01
   2.0000000e+00   5.9128627e-01   4.6691450e-01  -5.4835641e-01  -1.6024820e+00  -1.7653957e+00   1.1326821e+00   5.7951237e-01   2.0622490e+00   8.5398625e-01   7.2013382e-01
   1.0000000e+00  -1.3047401e+00   1.7345271e-01   6.4726154e-01   4.0580102e-01  -5.0956141e-01   7.3071967e-01  -1.2331975e-01   2.7842504e-01  -7.0600331e-01   5.5437393e-01
   2.0000000e+00   7.2705657e-01   9.3009202e-01   5.7911163e-01   6.7960264e-01  -2.1877219e-01   3.3946099e-01   9.8657478e-01  -1.2889324e+00  -1.2379657e+00   1.4024554e+00
   2.0000000e+00  -2.3027297e+00  -5.6825760e-01  -9.5310081e-01   1.8491812e+00   1.7992268e-01   8.8710935e-01   6.6441677e-01   2.2786969e+00  -1.3539003e+00   6.7127018e-01
   2.0000000e+00   3.2476944e-01  -2.3261259e-01   1.0673471e+00  -1.5575461e-01   4.9298104e-01   1.5154318e+00  -8.0982379e-01   1.8718594e+00   1.6740104e+00   3.2981759e-01
   2.0000000e+00   3.7052471e-01  -1.5954477e-01  -1.3205387e+00  -8.2774849e-01   2.0009588e-01   8.0042645e-02   1.2119508e+00  -2.3732465e-01   2.5641717e-01   1.3143012e+00
   2.0000000e+00  -2.4854776e+00  -2.9861669e-01   1.6234706e+00  -1.8271873e-01  -4.7487451e-01  -5.7213514e-01   1.3840780e+00   2.6398359e-01  -7.4968535e-01  -1.8078640e+00
   2.0000000e+00  -8.7655105e-01  -6.5183144e-01  -5.1069137e-01  -6.9884379e-01  -1.7145897e-01   1.0125849e+00   1.0711762e+00   1.4149096e+00   3.2159308e+00  -6.5432920e-01
   2.0000000e+00  -1.6724676e+00  -2.0931833e-01   1.6386437e+00   2.3042343e-01  -4.9803562e-02   3.0427359e-01  -1.0000928e+00   5.1782392e-02   1.0146104e+00   5.4500162e-03
   2.0000000e+00   1.8318129e+00  -8.3532226e-01   1.6180360e-01  -6.3289346e-03  -3.8202671e-01   3.3975286e-01  -1.9531241e-02  -6.4088692e-01  -1.5258066e-02   2.1799616e-01
   2.0000000e+00  -7.1007444e-01   1.4870190e+00  -9.5343692e-01   9.2519227e-01  -1.0602057e+00   1.2496172e-01  -1.6240098e+00  -9.9578517e-01   7.1581278e-01  -1.7699516e+00
   1.0000000e+00   8.2331031e-01  -8.6330642e-01   6.3410721e-01   4.6804608e-02  -8.6388152e-01  -1.4774431e+00   5.2254085e-01  -1.3715725e-01  -1.2949424e-01   1.8532570e-02
   2.0000000e+00   8.0117755e-01   2.1868553e-01   7.3888119e-01   4.2285146e-01   1.0929182e+00  -1.9104713e-01  -7.1368124e-01  -4.7085580e-01   9.8059527e-01  -1.0529070e+00
   2.0000000e+00   6.4947796e-02   1.9476457e-01   6.5267831e-01   2.7265227e+00   4.9476425e-01   7.7300880e-01  -5.0057573e-01  -7.5873452e-01  -1.5169259e-01  -9.9168746e-02
   2.0000000e+00   1.7388738e-01   3.3851770e-01  -9.7899495e-01   4.7225716e-02  -8.1312920e-01  -6.8268462e-01  -7.2091251e-01  -2.2331369e-01  -9.7690796e-01  -1.2172203e+00
   2.0000000e+00  -3.2724375e-01   1.0220587e-01   1.4959994e+00  -1.1667922e+00   2.5318831e+00   1.7089518e+00   1.4028596e+00  -5.5752681e-01  -2.8205620e-01  -2.8613685e-01
   2.0000000e+00   8.1224915e-02  -1.4531254e+00   4.3028367e-01  -2.3905441e-01   9.5808397e-01  -9.5792404e-01   2.7385923e+00   1.1792823e+00  -2.9133392e-01  -2.5051034e-02
   2.0000000e+00  -6.3345683e-01   1.4292500e+00   1.1059152e-01   7.6036066e-02  -8.0297418e-01   1.1207291e+00   7.5633287e-01  -6.7867908e-01   9.2879724e-01   1.0959565e+00
